  -8.0214508e-02   6.3156371e-02   3.0296327e-02
  -4.1910638e-02   3.5834333e-02   6.2507306e-02
  -5.6431786e-02   7.7181765e-02   3.7617904e-02
  -5.7800370e-02   9.2192565e-02   2.6777889e-02
  -6.1964484e-02   9.7162748e-02   2.9845911e-02
  -5.1703183e-02   1.0604188e-01   1.5235322e-02
  -5.1285864e-02   1.2587423e-01  -2.0817910e-02
  -5.0355895e-02   1.3946229e-01  -5.0508337e-02
  -4.9066550e-02   1.5057281e-01  -7.9320267e-02
  -4.7826579e-02   1.5888206e-01  -1.0328728e-01
  -4.6585098e-02   1.6575267e-01  -1.2511864e-01
  -4.1951030e-02   1.6926214e-01  -1.3760059e-01
  -3.6175119e-02   1.7111878e-01  -1.4432821e-01
  -3.1317108e-02   1.7278349e-01  -1.4959008e-01
  -2.7532958e-02   1.7428026e-01  -1.5320110e-01
  -2.3456196e-02   1.7571691e-01  -1.5678339e-01
  -2.3436215e-02   1.7713590e-01  -1.5674680e-01
  -2.3726633e-02   1.7869806e-01  -1.5723411e-01
  -2.3964225e-02   1.7993987e-01  -1.5617180e-01
  -2.4288230e-02   1.8172399e-01  -1.5758354e-01
  -2.4592115e-02   1.8339069e-01  -1.5819256e-01
  -2.4927911e-02   1.8515865e-01  -1.5890402e-01
  -2.5255603e-02   1.8691246e-01  -1.5900400e-01
  -2.5642577e-02   1.8902135e-01  -1.6008039e-01
  -2.6066767e-02   1.9125759e-01  -1.6074379e-01
  -2.6538451e-02   1.9378953e-01  -1.6144696e-01
  -2.7065467e-02   1.9665796e-01  -1.6183855e-01
  -2.7708465e-02   2.0013907e-01  -1.6244716e-01
  -2.8500484e-02   2.0441420e-01  -1.6283027e-01
  -2.9561755e-02   2.1015094e-01  -1.6399726e-01
  -3.0558819e-02   2.1724976e-01  -1.6098863e-01
  -7.7188376e-02   2.0080706e-01  -5.2301819e-02
  -3.2383938e-02   2.0066869e-02   5.9855767e-02
  -3.8603405e-02   3.1365738e-02   6.1060525e-02
  -4.2816108e-02   3.6480475e-02   6.3099871e-02
  -4.8785758e-02   6.0163649e-02   4.3267048e-02
  -5.0756142e-02   5.7449628e-02   4.5707501e-02
  -5.6048388e-02   8.5326826e-02   1.9817150e-02
  -5.8268751e-02   8.4394763e-02   2.5904621e-02
  -6.1317775e-02   9.6862350e-02   1.3710534e-02
  -6.3744466e-02   1.0170391e-01   1.2051049e-02
  -6.4963148e-02   9.4854779e-02   1.9777637e-02
  -6.7239654e-02   9.6504158e-02   2.4293659e-02
  -6.9080172e-02   9.7403521e-02   2.3258396e-02
  -7.0790671e-02   9.5714320e-02   2.5796139e-02
  -7.1356489e-02   8.1533435e-02   4.0659591e-02
  -7.2658947e-02   7.0423757e-02   6.0626128e-02
  -7.4645811e-02   6.9981953e-02   5.8939406e-02
  -7.7417633e-02   7.6533258e-02   4.6973147e-02
  -8.0649435e-02   8.6686968e-02   2.9326158e-02
  -8.3853675e-02   9.8786655e-02   3.1262277e-03
  -8.7173467e-02   1.1196444e-01  -2.6140458e-02
  -9.0551602e-02   1.2329514e-01  -5.3912929e-02
  -9.4095918e-02   1.3700306e-01  -8.5331977e-02
  -9.6064336e-02   1.6533196e-01  -1.3240736e-01
  -9.6046501e-02   1.7847742e-01  -1.6102743e-01
  -9.5674117e-02   1.8263616e-01  -1.7875515e-01
  -9.5075094e-02   1.8553743e-01  -1.9246325e-01
  -9.4386391e-02   1.8797036e-01  -2.0368490e-01
  -9.2711456e-02   1.8929868e-01  -2.1317480e-01
  -9.2791327e-02   1.9149036e-01  -2.2187676e-01
  -8.9608343e-02   1.9151967e-01  -2.2996724e-01
  -8.8783528e-02   1.9308257e-01  -2.3820984e-01
  -8.4532201e-02   1.9292446e-01  -2.4821051e-01
