   4.5122584e-02  -1.2418400e-01   7.0968480e-02   1.2497211e-01  -5.0950346e-02
   9.5756938e-02  -1.8954586e-01   1.0429321e-01   8.5709756e-02  -4.7519012e-04
   1.6930319e-02  -1.4071791e-01   1.6007762e-01   3.6030166e-02   8.5337492e-03
  -7.7379664e-04  -1.3020936e-01   1.7697916e-01   9.1869086e-03   3.5749485e-02
  -6.4899411e-03  -1.2853969e-01   1.7981879e-01   6.0500285e-03   4.1672292e-02
  -1.1339759e-02  -1.2660111e-01   1.8425782e-01   4.0960336e-03   3.1865901e-02
  -1.4827105e-02  -1.2415681e-01   1.8534471e-01   5.4271571e-04   2.4509452e-02
  -1.6383968e-02  -1.2562213e-01   1.8706305e-01   1.6086852e-04   2.5012379e-02
  -1.7552871e-02  -1.2693608e-01   1.8484024e-01   4.5210284e-03   2.6423392e-02
  -1.9122407e-02  -1.2711378e-01   1.8037321e-01   1.0674141e-02   2.8229955e-02
  -2.0577187e-02  -1.2722534e-01   1.7609229e-01   1.6460964e-02   2.9945589e-02
  -2.1957783e-02  -1.2721549e-01   1.7169743e-01   2.2162427e-02   3.1613221e-02
  -2.3387515e-02  -1.2722183e-01   1.6797855e-01   2.7381820e-02   3.3030287e-02
  -2.4580084e-02  -1.2731705e-01   1.6396712e-01   3.2533533e-02   3.4584692e-02
  -2.5798001e-02  -1.2742838e-01   1.6018540e-01   3.7541895e-02   3.6056034e-02
  -2.7058637e-02  -1.2757942e-01   1.5656278e-01   4.2557373e-02   3.7526151e-02
  -2.8405424e-02  -1.2761953e-01   1.5267340e-01   4.7805113e-02   3.9043651e-02
  -9.3517118e-03  -1.5950586e-01   2.1060583e-01  -2.5700715e-02   5.3478062e-02
  -1.0711269e-02  -1.6102786e-01   2.1056925e-01  -2.2227547e-02   5.1254322e-02
  -1.2769041e-02  -1.6188240e-01   2.1081185e-01  -1.8352343e-02   4.5381762e-02
  -1.5027317e-02  -1.6281841e-01   2.1087672e-01  -1.4217136e-02   3.9506976e-02
  -1.7301641e-02  -1.6421823e-01   2.1067431e-01  -9.0173579e-03   3.2936151e-02
  -1.9696391e-02  -1.6551746e-01   2.1061512e-01  -3.8542990e-03   2.1545691e-02
  -2.0683886e-02  -1.6639972e-01   2.0661434e-01  -4.7767567e-03   1.4793404e-02
   1.1405028e-01  -2.6169040e-01   1.4947836e-01   7.3574902e-02   2.6101480e-04
   1.3588899e-01  -2.5312818e-01   8.6921945e-02   1.2155148e-01  -2.9258025e-02
   1.3561926e-01  -2.3667990e-01   4.4834839e-02   1.5216432e-01  -5.9628007e-02
   1.3247152e-01  -2.1639847e-01   3.4408018e-03   1.7762258e-01  -8.8880041e-02
   1.2498561e-01  -1.8796932e-01  -4.2451146e-02   1.9821623e-01  -1.1704962e-01
   1.1437559e-01  -1.5568048e-01  -8.7329675e-02   2.1331867e-01  -1.4616192e-01
   5.0625498e-02  -3.1407806e-03  -2.0313386e-01   2.3163516e-01  -1.7373041e-01
