  -6.0158119e-02   6.1446701e-02  -1.0265337e-01   1.7146602e-01   5.9540836e-02  -6.2413834e-01
  -6.5934140e-02   7.8531255e-02  -1.3104475e-02   4.5089217e-02   9.8849498e-02  -5.8915627e-01
  -6.6546193e-02   8.2149287e-02   6.8445959e-02  -7.7965557e-02   1.2489843e-01  -5.9678208e-01
  -6.7158821e-02   8.2567467e-02   9.7308783e-02  -1.2059938e-01   1.3985962e-01  -6.2340880e-01
  -6.6422330e-02   8.3796441e-02   1.4996604e-01  -2.2210964e-01   1.5239757e-01  -7.2990123e-01
  -6.7903516e-02   9.4983571e-02   1.2387110e-01  -2.0983998e-01   1.6436990e-01  -7.3242179e-01
  -6.8405615e-02   1.0648385e-01   7.2908133e-02  -1.8861218e-01   2.1243643e-01  -7.4418755e-01
  -6.7435595e-02   1.1974540e-01  -2.0875891e-02  -1.1591291e-01   2.2959814e-01  -7.4775404e-01
  -6.9717237e-02   1.2295683e-01  -2.2713045e-02  -1.1534273e-01   2.2765609e-01  -7.4853478e-01
  -7.0141514e-02   1.2618009e-01  -6.5557510e-03  -1.3713629e-01   2.1190517e-01  -7.4769337e-01
  -7.0214200e-02   1.2820980e-01  -2.4338607e-02  -1.2010054e-01   2.2650341e-01  -7.4846959e-01
  -7.0195487e-02   1.3019126e-01  -2.3707610e-02  -1.2026544e-01   2.2534897e-01  -7.4867317e-01
  -7.0885627e-02   1.3205403e-01  -2.3615000e-02  -1.1830349e-01   2.2460016e-01  -7.4962764e-01
  -7.0457289e-02   1.3372139e-01  -2.3592236e-02  -1.1443331e-01   2.2213544e-01  -7.4858097e-01
  -7.0648450e-02   1.2994369e-01   7.0414188e-02  -2.3501138e-01   2.1863742e-01  -7.4800456e-01
  -7.1796767e-02   1.3794263e-01  -2.3762410e-02  -1.1304901e-01   2.2115228e-01  -7.4992924e-01
  -7.2021708e-02   1.4072176e-01  -2.8224350e-02  -1.0944538e-01   2.1999714e-01  -7.4999348e-01
  -7.2478979e-02   1.4158878e-01  -2.9558002e-03  -1.3880660e-01   2.2149525e-01  -7.4999356e-01
  -6.9726115e-02   1.2322747e-01   1.3272224e-01  -2.5607832e-01   2.1086504e-01  -7.4974841e-01
  -6.9474751e-02   1.2755225e-01   1.3288804e-01  -2.8562158e-01   2.3721680e-01  -7.4874642e-01
  -7.1598982e-02   1.3138350e-01   1.3293090e-01  -2.8813754e-01   2.3776766e-01  -7.4986239e-01
  -7.1891449e-02   1.3260867e-01   1.3326019e-01  -2.8400901e-01   2.4879842e-01  -7.4232538e-01
  -7.2405998e-02   1.3509305e-01   1.3267446e-01  -2.8391410e-01   2.6094343e-01  -7.2395163e-01
  -7.2876055e-02   1.3704001e-01   1.3287267e-01  -2.7855030e-01   2.7207582e-01  -7.1079256e-01
  -7.3410964e-02   1.3894148e-01   1.3237653e-01  -2.7565842e-01   2.8876215e-01  -6.9002999e-01
  -7.3625100e-02   1.3690552e-01   1.3382393e-01  -2.5984454e-01   3.0187716e-01  -6.7368292e-01
  -7.3607402e-02   1.3944967e-01   1.3518278e-01  -2.4708719e-01   3.1120745e-01  -6.6382844e-01
  -7.0819005e-02   1.4867691e-01   1.3647076e-01  -2.3813558e-01   3.2216586e-01  -6.5311990e-01
  -7.1146495e-02   1.3473057e-01   1.3958411e-01  -2.2490220e-01   3.3987289e-01  -6.2920786e-01
  -7.4355564e-02   1.3518892e-01   1.4413723e-01  -2.0114912e-01   3.4935501e-01  -6.2265187e-01
  -6.8004056e-02   9.8883460e-02   1.1055464e-01  -2.3283401e-01   4.0066718e-01  -7.0911309e-01
  -6.7352336e-02   1.1574045e-01   1.0521226e-01  -2.2972822e-01   4.1670625e-01  -6.6571595e-01
  -7.0255461e-02   1.1849142e-01   9.4627010e-02  -2.3075702e-01   4.4363328e-01  -6.7269208e-01
  -7.1074289e-02   1.2667530e-01   9.5691857e-02  -2.3357440e-01   4.6447981e-01  -6.9594297e-01
  -7.1284352e-02   1.3113954e-01   8.8003634e-02  -2.3258053e-01   4.7962047e-01  -6.5706275e-01
  -7.1233420e-02   1.3677919e-01   7.9108813e-02  -2.3010074e-01   4.8977710e-01  -6.5509563e-01
