  -3.9689453e-02   9.9905387e-02  -1.4741206e-01   8.5702582e-02   6.9536499e-02   1.0674737e-02
  -4.1179321e-02   9.7241551e-02  -1.4759202e-01   8.8034567e-02   6.7370818e-02   1.2403657e-02
  -4.3295368e-02   1.0034960e-01  -1.4756431e-01   8.2251786e-02   7.7499411e-02   5.1190545e-03
  -4.4775050e-02   1.0049997e-01  -1.4762489e-01   8.0901891e-02   8.0083168e-02   2.4187487e-03
  -4.5998659e-02   1.0064617e-01  -1.4770212e-01   7.8571132e-02   8.3549906e-02  -4.5715427e-04
  -4.7419622e-02   1.0090080e-01  -1.4776498e-01   7.6830421e-02   8.7174373e-02  -2.3111727e-03
  -4.8619434e-02   1.0104781e-01  -1.4780905e-01   7.4121379e-02   9.2194922e-02  -5.0804347e-03
  -5.0420274e-02   1.0126388e-01  -1.4787792e-01   7.6262142e-02   8.9719418e-02  -3.9742593e-03
  -5.1997609e-02   1.0146104e-01  -1.4794715e-01   7.6940378e-02   8.9154159e-02  -3.9578153e-03
  -5.3260530e-02   1.0158258e-01  -1.4801694e-01   7.5968572e-02   8.9756029e-02  -4.6717821e-03
  -5.4306410e-02   1.0175593e-01  -1.4807840e-01   7.2518445e-02   9.5138371e-02  -8.2062515e-03
  -5.5927599e-02   1.0188684e-01  -1.4815747e-01   7.2856567e-02   9.3820926e-02  -7.1684905e-03
  -5.7088394e-02   1.0193201e-01  -1.4820883e-01   7.0023408e-02   9.7406607e-02  -1.0014722e-02
  -5.8467677e-02   1.0229207e-01  -1.4830108e-01   6.6863947e-02   1.0271261e-01  -1.4107026e-02
  -5.9938087e-02   1.0245276e-01  -1.4836894e-01   6.3864806e-02   1.0730025e-01  -1.7863426e-02
  -6.1935948e-02   1.0273537e-01  -1.4848792e-01   6.1521373e-02   1.1094156e-01  -1.9649816e-02
  -6.3743753e-02   1.0299793e-01  -1.4855353e-01   5.7598758e-02   1.1768087e-01  -2.6044941e-02
  -6.4041356e-02   1.0317420e-01  -1.4867369e-01   4.7911989e-02   1.2857019e-01  -3.5155030e-02
  -6.6106006e-02   1.0346029e-01  -1.4887970e-01   4.1754308e-02   1.3715776e-01  -4.0787307e-02
  -6.6828270e-02   1.0374148e-01  -1.4908266e-01   3.1878966e-02   1.4840660e-01  -4.9322694e-02
  -6.3503617e-02   1.0364976e-01  -1.4911445e-01   1.8816497e-02   1.6123957e-01  -6.2311140e-02
  -6.3321418e-02   1.0356725e-01  -1.4917355e-01   1.0782500e-02   1.6930249e-01  -7.0468461e-02
  -6.2925990e-02   1.0360274e-01  -1.4925433e-01   1.1043017e-03   1.8110539e-01  -7.8682949e-02
  -6.0894954e-02   1.0351529e-01  -1.4920591e-01  -6.9589960e-03   1.9090488e-01  -8.9166996e-02
  -5.8839771e-02   1.0366128e-01  -1.4927651e-01  -1.5210221e-02   2.0097902e-01  -9.8737106e-02
  -5.7551723e-02   1.0378813e-01  -1.4932966e-01  -2.3149687e-02   2.0778420e-01  -1.0700500e-01
  -5.7511213e-02   1.0380375e-01  -1.4937993e-01  -3.1900846e-02   2.1570158e-01  -1.1678115e-01
  -5.7056754e-02   1.0391292e-01  -1.4942629e-01  -4.3076733e-02   2.2602165e-01  -1.2749584e-01
  -5.6990134e-02   1.0413325e-01  -1.4955458e-01  -5.6351942e-02   2.3871630e-01  -1.4052183e-01
  -5.7932626e-02   1.0422784e-01  -1.4967439e-01  -7.1307948e-02   2.4732631e-01  -1.5174555e-01
  -5.9267468e-02   1.0451843e-01  -1.4969013e-01  -8.5159896e-02   2.5668476e-01  -1.6635382e-01
  -6.1526737e-02   1.0439784e-01  -1.4982454e-01  -9.6519623e-02   2.6362105e-01  -1.7759441e-01
  -6.5522578e-02   1.0543732e-01  -1.4988034e-01  -9.9904862e-02   2.6888738e-01  -1.8170288e-01
  -6.8559876e-02   1.0586467e-01  -1.4997264e-01  -1.0580177e-01   2.7312325e-01  -1.8320659e-01
  -7.0024008e-02   1.0616548e-01  -1.4989995e-01  -1.1072157e-01   2.8102713e-01  -1.9249288e-01
  -6.9613614e-02   1.1036418e-01  -1.5000000e-01  -1.3623072e-01   2.9050586e-01  -2.0418822e-01
