  -6.2513554e-02  -3.4110251e-02   1.0527060e-01  -4.6325021e-02   7.1526274e-02
  -1.9791451e-02  -1.1900006e-01   1.4681655e-01  -6.8752639e-04   1.0711177e-02
  -1.1031713e-02  -1.2893114e-01   1.5357428e-01   8.0583178e-03   7.0061177e-03
  -8.0064920e-04  -1.4207046e-01   1.5759779e-01   1.5988432e-02   8.2197553e-03
   4.3064801e-02  -1.8758554e-01   1.6375505e-01   2.5361145e-02  -4.6927419e-03
   7.4420900e-02  -2.1680524e-01   1.6695591e-01   3.0733582e-02  -1.4241631e-02
   9.8319781e-02  -2.3162601e-01   1.6718317e-01   3.2880179e-02  -2.1510343e-02
   1.1870680e-01  -2.4615040e-01   1.6790785e-01   3.5143206e-02  -2.7755542e-02
   1.3641043e-01  -2.5612417e-01   1.6775154e-01   3.6417309e-02  -3.3175124e-02
   1.5152092e-01  -2.6501297e-01   1.6784054e-01   3.7830129e-02  -3.7645936e-02
   1.6571562e-01  -2.7079453e-01   1.6713024e-01   3.8422391e-02  -4.1885695e-02
   1.7945412e-01  -2.7568097e-01   1.6616073e-01   3.8755280e-02  -4.6107320e-02
   1.8402012e-01  -2.8170654e-01   1.6852776e-01   4.2725620e-02  -4.5552841e-02
   1.8497324e-01  -2.8215784e-01   1.7022154e-01   4.6311602e-02  -4.3420433e-02
   1.8476493e-01  -2.8484025e-01   1.8138949e-01   4.2309384e-02  -5.1223945e-02
   1.8271168e-01  -2.8661106e-01   1.8875808e-01   4.1820394e-02  -5.2794710e-02
   1.8468052e-01  -2.8967867e-01   1.9394379e-01   4.1008272e-02  -5.1785913e-02
   1.8423186e-01  -2.9406019e-01   2.3246003e-01  -3.3756933e-02  -4.7722552e-03
   1.8459801e-01  -2.9624019e-01   2.2345902e-01   6.8710310e-03  -3.6018395e-02
   1.8487342e-01  -3.0038740e-01   2.3052477e-01   2.4701038e-03  -2.9141477e-02
   1.8478056e-01  -3.0242996e-01   2.3958248e-01  -3.5618772e-03  -3.0285478e-02
   1.8479071e-01  -3.0396945e-01   2.4755626e-01  -9.2407542e-03  -2.7538717e-02
   1.8496922e-01  -3.0746416e-01   2.5582743e-01  -1.3342350e-02  -2.5981235e-02
   1.8492372e-01  -3.0941349e-01   2.6518113e-01  -2.0063481e-02  -2.3546237e-02
   1.8463191e-01  -3.1057100e-01   2.7639497e-01  -3.2303938e-02  -1.5594165e-02
   1.8328067e-01  -3.0834172e-01   2.9112952e-01  -6.9522594e-02   2.5326144e-02
   1.8220806e-01  -3.0508979e-01   3.0148558e-01  -1.0013029e-01   6.4525359e-02
   1.8139223e-01  -3.0251592e-01   3.1015328e-01  -1.2525388e-01   9.7966671e-02
   1.8128082e-01  -3.0078465e-01   3.1608285e-01  -1.4013251e-01   1.2539600e-01
   1.8124590e-01  -2.9927172e-01   3.2117015e-01  -1.5277715e-01   1.5001274e-01
   1.8204090e-01  -2.9976533e-01   3.2904691e-01  -1.5670077e-01   1.6666382e-01
   1.8209989e-01  -3.0077845e-01   3.5227327e-01  -1.7659705e-01   1.8332644e-01
   1.8310520e-01  -3.0337548e-01   3.7845744e-01  -1.8994976e-01   2.0038262e-01
   1.8479863e-01  -3.2492320e-01   4.3603483e-01  -1.8842798e-01   2.1336616e-01
