   1.1588899e-02  -6.4856838e-01   0.0000000e+00   1.2957476e-01   1.9234539e-01
   1.3684441e-02  -2.4481972e-01   0.0000000e+00   2.6409062e-02  -3.4754299e-03
   5.6848049e-02  -2.5253938e-01   0.0000000e+00   2.8562319e-02  -5.0358116e-03
   1.1869460e-01  -3.2884210e-01   0.0000000e+00   3.7370196e-02  -5.6986075e-03
   1.5325265e-01  -3.6470942e-01   0.0000000e+00   4.0206077e-02  -5.7919573e-03
   1.8400304e-01  -4.0363514e-01   0.0000000e+00   4.3145838e-02  -5.5549659e-03
   2.0146489e-01  -4.1980475e-01   0.0000000e+00   4.5914532e-02  -6.1840820e-03
   2.5884224e-01  -5.4476098e-01   0.0000000e+00   6.1292698e-02  -1.0638634e-02
   3.1767059e-01  -6.9717269e-01   0.0000000e+00   7.9815741e-02  -1.6526982e-02
   3.5516743e-01  -7.4997067e-01   0.0000000e+00  -4.7491464e-02   6.5872258e-02
   3.7923662e-01  -7.2254647e-01   0.0000000e+00  -3.4767678e-01   2.3660998e-01
   3.7638851e-01  -6.6940569e-01   0.0000000e+00  -3.4983206e-01   1.9502872e-01
   3.7390549e-01  -6.2263486e-01   0.0000000e+00  -3.6358577e-01   1.6722944e-01
   3.7177334e-01  -5.8318237e-01   0.0000000e+00  -3.6854666e-01   1.3686057e-01
   3.7056884e-01  -5.5896388e-01   0.0000000e+00  -3.5834476e-01   1.1351438e-01
   3.7014683e-01  -5.5140885e-01   0.0000000e+00  -2.9955016e-01   6.5725600e-02
   3.6883756e-01  -5.4319532e-01   0.0000000e+00  -2.3792113e-01   1.5888204e-02
   3.7240965e-01  -5.3766589e-01   0.0000000e+00  -2.5830294e-01   3.4713935e-02
   3.6761458e-01  -4.9906366e-01   0.0000000e+00  -3.0098780e-01   6.1909214e-02
   3.6676921e-01  -4.8200673e-01   0.0000000e+00  -2.8916744e-01   4.7398146e-02
   3.6584547e-01  -4.6365310e-01   0.0000000e+00  -2.7811816e-01   3.2133600e-02
   3.6503040e-01  -4.4710742e-01   0.0000000e+00  -2.6335386e-01   1.7800857e-02
   3.6416917e-01  -4.2963944e-01   0.0000000e+00  -2.4751898e-01   2.6723575e-03
   3.6324200e-01  -4.1082872e-01   0.0000000e+00  -2.3025501e-01  -1.3634937e-02
   3.6219977e-01  -3.8971962e-01   0.0000000e+00  -2.1161331e-01  -3.1865465e-02
   3.6103328e-01  -3.6608092e-01   0.0000000e+00  -1.9037663e-01  -5.2309702e-02
   3.5967974e-01  -3.3863575e-01   0.0000000e+00  -1.6594998e-01  -7.6050020e-02
   3.5806478e-01  -3.0593111e-01   0.0000000e+00  -1.3697987e-01  -1.0429466e-01
   3.5607557e-01  -2.6564548e-01   0.0000000e+00  -1.0135110e-01  -1.3908547e-01
   3.5413931e-01  -2.2437711e-01   0.0000000e+00  -4.2456934e-02  -1.7776400e-01
   3.5910796e-01  -3.0039750e-01   0.0000000e+00   1.5840364e-01  -1.4848185e-01
   4.0133832e-01  -5.5203166e-01   0.0000000e+00   4.6087410e-01  -1.6269322e-01
   3.6312246e-01  -7.0239701e-01   0.0000000e+00   7.3815243e-01  -2.3279360e-01
   6.9896655e-02  -1.1368295e-01   0.0000000e+00  -4.7023793e-02  -7.1820523e-03
   5.3980562e-02  -2.5847181e-01   0.0000000e+00   3.1135803e-02  -6.0692141e-03
   1.5865271e-01  -4.2140987e-01   0.0000000e+00   4.6759651e-02  -7.4687465e-03
   2.2726707e-01  -5.2164920e-01   0.0000000e+00   5.2844485e-02  -6.5210240e-03
   2.3890629e-01  -5.7815717e-01   0.0000000e+00   5.5868253e-02  -5.9144104e-03
   2.4799747e-01  -6.3024388e-01   0.0000000e+00   6.3896199e-02  -7.1140683e-03
   2.8356863e-01  -6.8507189e-01   0.0000000e+00   6.9797011e-02  -7.9166967e-03
   2.8668522e-01  -7.2535642e-01   0.0000000e+00   7.4847151e-02  -8.8409742e-03
   2.4197351e-01  -7.4994020e-01   0.0000000e+00   7.4164181e-02  -7.4275759e-03
   2.6876184e-01  -7.4934900e-01   0.0000000e+00  -1.0974443e-02   2.5229613e-02
   2.9116021e-01  -7.4885371e-01   0.0000000e+00  -8.2404089e-02   5.2629367e-02
   3.1098523e-01  -7.4841999e-01   0.0000000e+00  -1.4503600e-01   7.6651772e-02
   3.2868887e-01  -7.4802741e-01   0.0000000e+00  -2.0170892e-01   9.8391983e-02
   3.4523077e-01  -7.4766166e-01   0.0000000e+00  -2.5449888e-01   1.1864186e-01
   3.6106579e-01  -7.4731221e-01   0.0000000e+00  -3.0487436e-01   1.3796501e-01
   3.7658448e-01  -7.4697183e-01   0.0000000e+00  -3.5402602e-01   1.5681761e-01
   3.9187821e-01  -7.4663297e-01   0.0000000e+00  -4.0300590e-01   1.7560685e-01
   4.0772398e-01  -7.4628777e-01   0.0000000e+00  -4.5287492e-01   1.9473331e-01
   4.2403897e-01  -7.4592719e-01   0.0000000e+00  -5.0474680e-01   2.1463008e-01
   4.4131625e-01  -7.4554432e-01   0.0000000e+00  -5.5995907e-01   2.3580950e-01
   4.6018663e-01  -7.4512675e-01   0.0000000e+00  -6.2022707e-01   2.5892824e-01
   4.8164933e-01  -7.4465808e-01   0.0000000e+00  -6.8796207e-01   2.8490779e-01
   4.3280411e-01  -7.4428311e-01   0.0000000e+00  -7.4944460e-01   2.9066868e-01
   4.0453785e-01  -7.4398858e-01   0.0000000e+00  -7.4466669e-01   1.8299909e-01
   4.4546841e-01  -7.4352664e-01   0.0000000e+00  -7.3884852e-01   5.8301831e-02
   4.9410078e-01  -7.4297841e-01   0.0000000e+00  -7.3194751e-01  -8.9591748e-02
   4.8888734e-01  -7.4251006e-01   0.0000000e+00  -7.2485745e-01  -2.4756689e-01
   4.5951693e-01  -6.4486567e-01   0.0000000e+00  -3.8535148e-01  -6.3280671e-01
   3.7007724e-01  -2.6109894e-01   0.0000000e+00  -3.6393123e-01  -7.4838933e-01
   1.6138033e-01   1.1988063e-01   0.0000000e+00  -3.9321568e-01  -7.4999860e-01
  -2.6305587e-02   3.7004377e-01   0.0000000e+00  -4.0587366e-01  -7.4999791e-01
  -3.4227891e-01   5.7085963e-01   0.0000000e+00  -2.0037440e-01  -7.4999993e-01
  -3.4215014e-01   6.5431152e-01   0.0000000e+00  -4.1696457e-01  -7.4999913e-01
