   4.3191882e-02  -4.6136365e-02   1.0276357e-02   6.8490219e-02  -1.0319786e-01
   6.6227707e-02  -9.3070405e-02   1.5320962e-02   6.9049478e-02  -9.6998875e-02
   7.5899798e-02  -1.0280962e-01   5.5139352e-03   7.3043794e-02  -9.1447543e-02
   8.1285883e-02  -1.0319788e-01  -2.8655184e-04   7.4736395e-02  -9.1061693e-02
   8.5810087e-02  -1.0297278e-01  -5.4189112e-03   7.6202802e-02  -9.0740668e-02
   8.9868307e-02  -1.0320000e-01  -9.4592527e-03   7.7394720e-02  -9.0617675e-02
   9.3349455e-02  -1.0319152e-01  -1.1899789e-02   7.8117993e-02  -9.0936235e-02
   9.6280100e-02  -1.0320000e-01  -1.1739663e-02   7.8114855e-02  -9.2259848e-02
   9.9120077e-02  -1.0314257e-01  -1.1899887e-02   7.8164716e-02  -9.2470763e-02
   1.0195213e-01  -1.0320000e-01  -1.2330869e-02   7.8273116e-02  -9.1636116e-02
   9.3256560e-02  -1.0319994e-01   5.9683245e-02   1.7419835e-02  -7.3543789e-02
   9.5907062e-02  -1.0319996e-01   5.9794710e-02   1.7436642e-02  -7.1855036e-02
   9.8465702e-02  -1.0319999e-01   6.0117691e-02   1.7492772e-02  -7.0021671e-02
   1.0009304e-01  -9.8631947e-02   5.9627371e-02   1.6807775e-02  -6.6411428e-02
   1.0028573e-01  -8.9807011e-02   5.9136010e-02   1.5406130e-02  -6.3239057e-02
   1.0033229e-01  -8.3688446e-02   6.0273077e-02   1.4499815e-02  -6.3090162e-02
   1.0034834e-01  -7.8840127e-02   6.1967319e-02   1.3960434e-02  -6.3546788e-02
   1.0034023e-01  -7.5006199e-02   6.4099690e-02   1.3712636e-02  -6.4481669e-02
   1.0031766e-01  -7.2173082e-02   6.6589048e-02   1.3776812e-02  -6.5682760e-02
   1.0027647e-01  -7.0509052e-02   6.9472185e-02   1.4162076e-02  -6.7316764e-02
   1.0008301e-01  -7.3731940e-02   7.3859288e-02   1.5587998e-02  -7.1649980e-02
   9.9855741e-02  -7.8076798e-02   7.8248866e-02   1.7092244e-02  -7.6658544e-02
   9.9646951e-02  -8.1962322e-02   8.2211659e-02   1.8420674e-02  -8.1256899e-02
   9.9317662e-02  -8.9176865e-02   8.6673272e-02   2.0136514e-02  -8.8055792e-02
   9.9019525e-02  -1.0006184e-01   9.0711512e-02   2.2824692e-02  -9.3774954e-02
   9.9562254e-02  -8.7926042e-02   8.9944424e-02   2.3537629e-02  -7.9635936e-02
   9.9653766e-02  -9.2259446e-02   9.2231156e-02   2.6155574e-02  -7.7299923e-02
   9.9798631e-02  -9.6894891e-02   9.4285257e-02   2.9044389e-02  -7.3868817e-02
   1.0318714e-01  -1.0318832e-01   9.5149465e-02   3.5039699e-02  -7.5815351e-02
   1.0314320e-01  -1.0314890e-01   9.1353249e-02   4.6826409e-02  -7.9377601e-02
   1.0310160e-01  -1.0311180e-01   8.6158403e-02   5.8999652e-02  -8.2728068e-02
   1.0287835e-01  -1.0292952e-01   7.0044985e-02   8.1078853e-02  -1.0245765e-01
   1.0303967e-01  -1.0305654e-01   6.9618293e-02   8.3699094e-02  -8.7593506e-02
   1.0301186e-01  -1.0303330e-01   5.5896172e-02   9.6404951e-02  -8.9818760e-02
